29 3
      0.000000      0.000000      0.100000
      5.555556      0.000000      0.100000
     11.111111      0.000000      0.100000
     16.666667      0.000968      0.100000
     22.222222      0.013640      0.100000
     27.777778      0.060516      0.100000
     33.333333      0.166720      0.100000
     38.888889      0.352783      0.100000
     44.444444      0.630180      0.100000
     50.000000      0.999229      0.100000
     55.555556      1.448960      0.100000
     61.111111      1.958561      0.100000
     66.666667      2.500000      0.100000
     72.222222      3.041439      0.100000
     77.777778      3.551040      0.100000
     83.333333      4.000771      0.100000
     88.888889      4.369820      0.100000
     94.444444      4.647217      0.100000
    100.000000      4.833280      0.100000
    105.555556      4.939484      0.100000
    111.111111      4.986360      0.100000
    116.666667      4.999032      0.100000
    122.222222      5.000000      0.100000
    127.777778      5.000000      0.100000
    133.333333      5.000000      0.100000
    138.888889      5.000000      0.100000
    144.444444      5.000000      0.100000
    150.000000      5.000000      0.100000
    155.555556      5.000000      0.100000
