53 3
      0.000000      0.000000      0.100000
      5.555556      0.000000      0.100000
     11.111111      0.000000      0.100000
     16.666667      0.000000      0.100000
     22.222222      0.000000      0.100000
     27.777778      0.000000      0.100000
     33.333333      0.000000      0.100000
     38.888889      0.000000      0.100000
     44.444444      0.000000      0.100000
     50.000000      0.000968      0.100000
     55.555556      0.013640      0.100000
     61.111111      0.060516      0.100000
     66.666667      0.166720      0.100000
     72.222222      0.352783      0.100000
     77.777778      0.630180      0.100000
     83.333333      0.999229      0.100000
     88.888889      1.448960      0.100000
     94.444444      1.958561      0.100000
    100.000000      2.500000      0.100000
    105.555556      3.041439      0.100000
    111.111111      3.551040      0.100000
    116.666667      4.000771      0.100000
    122.222222      4.369820      0.100000
    127.777778      4.647217      0.100000
    133.333333      4.833280      0.100000
    138.888889      4.939484      0.100000
    144.444444      4.986360      0.100000
    150.000000      4.999032      0.100000
    155.555556      5.000000      0.100000
    161.111111      5.000000      0.100000
    166.666667      5.000000      0.100000
    172.222222      5.000000      0.100000
    177.777778      5.000000      0.100000
    183.333333      5.000000      0.100000
    188.888889      5.000000      0.100000
    194.444444      5.000000      0.100000
    200.000000      5.000000      0.100000
    205.555556      5.000000      0.100000
    211.111111      5.000000      0.100000
    216.666667      5.000000      0.100000
    222.222222      5.000000      0.100000
    227.777778      5.000000      0.100000
    233.333333      5.000000      0.100000
    238.888889      5.000000      0.100000
    244.444444      5.000000      0.100000
    250.000000      5.000000      0.100000
    255.555556      5.000000      0.100000
    261.111111      5.000000      0.100000
    266.666667      5.000000      0.100000
    272.222222      5.000000      0.100000
    277.777778      5.000000      0.100000
    283.333333      5.000000      0.100000
    288.888889      5.000000      0.100000
